image_width: 933
image_height: 708
camera_name: camera_front
camera_matrix:
  rows: 3
  cols: 3
  data: [929.0837415000001, 0.000000, 466.5, 0.000000, 929.0837415000001, 354.0, 0.000000, 0.000000, 1.000000]
distortion_model: plumb_bob
distortion_coefficients:
  rows: 1
  cols: 5
  data: [0.000000, 0.000000, 0.000000, 0.000000, 0.000000]
rectification_matrix:
  rows: 3
  cols: 3
  data: [1.000000, 0.000000, 0.000000, 0.000000, 1.000000, 0.000000, 0.000000, 0.000000, 1.000000]
projection_matrix:
  rows: 3
  cols: 4
  data: [929.0837415000001, 0.000000, 466.5, 0.000000, 0.000000, 929.0837415000001, 354.0, 0.000000, 0.000000, 0.000000, 1.000000, 0.000000]
